4.937160383550638354e-01 4.937160383550638354e-01 4.937160383550638354e-01 4.937160383550638354e-01 4.937160383550638354e-01 4.937160383550638354e-01 4.937160383550638354e-01 4.937160383550638354e-01 4.937160383550638354e-01 4.937160383550638354e-01 4.937160383550638354e-01 4.937160383550638354e-01 4.936049161317326295e-01 4.936049161317326295e-01 4.934937939084014236e-01 4.934937939084014236e-01 4.932715494617389007e-01 4.926048161217515542e-01 4.913824716651081781e-01 4.887155383051588475e-01
4.937807058426703644e-01 4.937807058426703644e-01 4.937807058426703644e-01 4.937807058426703644e-01 4.937807058426703644e-01 4.937807058426703644e-01 4.937807058426703644e-01 4.937807058426703644e-01 4.937807058426703644e-01 4.937807058426703644e-01 4.937807058426703644e-01 4.937200820605036067e-01 4.937200820605036067e-01 4.936594582783368490e-01 4.933563393675030606e-01 4.929319728923358124e-01 4.918407448133342297e-01 4.899007837839980395e-01 4.858996141609920882e-01 4.775335322219799172e-01
4.938260868365744183e-01 4.938260868365744183e-01 4.938260868365744183e-01 4.938260868365744183e-01 4.937930129576150740e-01 4.937930129576150740e-01 4.937930129576150740e-01 4.937599390786557296e-01 4.937599390786557296e-01 4.937268651996963853e-01 4.936937913207369855e-01 4.936607174417776411e-01 4.934953480469808085e-01 4.930984614994685100e-01 4.923046884044440796e-01 4.906840683354357080e-01 4.872774588026220766e-01 4.805634613738730132e-01 4.672677620322122638e-01 4.419993185072650377e-01
4.938218466418028973e-01 4.938218466418028973e-01 4.938218466418028973e-01 4.938218466418028973e-01 4.938218466418028973e-01 4.938218466418028973e-01 4.938038028736595475e-01 4.937857591055161421e-01 4.937677153373728478e-01 4.936774964966560431e-01 4.934970588152224891e-01 4.931542272204986754e-01 4.924505202629078648e-01 4.910070188114393219e-01 4.880839283722157029e-01 4.821114411167649605e-01 4.703649480554404905e-01 4.482613320798297107e-01 4.097559308619087015e-01 3.499588832348279888e-01
4.938216881620157150e-01 4.938118442132851116e-01 4.938118442132851116e-01 4.938118442132851116e-01 4.937921563158240712e-01 4.937724684183629753e-01 4.937035607772491397e-01 4.935755894437520719e-01 4.933098028280275549e-01 4.927486977503867660e-01 4.916363315438356252e-01 4.894017551820029066e-01 4.850901056380261256e-01 4.771263511150186654e-01 4.630987241739982774e-01 4.399063809648445234e-01 4.038283088674131660e-01 3.517833519290447519e-01 2.836829146111646271e-01 2.059255635886240998e-01
3.812542926619960082e-01 3.812542926619960082e-01 3.812489222024649793e-01 3.812489222024649793e-01 3.812166994452788060e-01 3.811576243904374328e-01 3.810502151998167997e-01 3.807978036018582757e-01 3.802983508654722011e-01 3.792672226355138787e-01 3.772533003113765493e-01 3.734187922062191523e-01 3.663888606800971837e-01 3.541979175446526296e-01 3.342520308463967083e-01 3.037048570338820030e-01 2.605263624043780424e-01 2.054093362373881071e-01 1.444761023982896186e-01 8.923018520255490693e-02
2.294379384127847588e-01 2.294379384127847588e-01 2.294350085076867496e-01 2.294262187923928054e-01 2.294086393618048614e-01 2.293529711649431035e-01 2.292504244865135044e-01 2.290336115092623803e-01 2.285941257445641972e-01 2.277239439304617752e-01 2.260568279297065775e-01 2.229540584309373241e-01 2.173901686498581620e-01 2.077830098335556319e-01 1.919820316401064653e-01 1.677106978083740818e-01 1.341164059548439758e-01 9.463593475945598910e-02 5.781874729813912817e-02 3.139979302958156859e-02
1.278494247089418945e-01 1.278494247089418945e-01 1.278478262714467240e-01 1.278430309589611846e-01 1.278302434589997372e-01 1.277982747090961324e-01 1.277279434593082130e-01 1.275888793972275170e-01 1.272995622105999036e-01 1.267209278373446490e-01 1.255732497158052463e-01 1.233610122224757522e-01 1.192642169223287474e-01 1.120073106942104102e-01 9.995669041804645938e-02 8.189114984751921789e-02 5.899193429156689844e-02 3.635646092231932525e-02 1.967356878512301413e-02 9.931092251999363088e-03
6.974946538388815398e-02 6.974946538388815398e-02 6.974859334116349785e-02 6.974510517026484557e-02 6.973464065756888874e-02 6.970935141855366668e-02 6.966138906869720482e-02 6.956110415536095881e-02 6.935355798689116225e-02 6.892887317998029617e-02 6.807252722436124559e-02 6.637727616761640581e-02 6.314984604363872711e-02 5.739087588996442252e-02 4.814635096581218465e-02 3.560201637153522641e-02 2.238359275109378863e-02 1.219551759885620541e-02 6.150517431492435842e-03 3.015523836329025553e-03
3.805248189590149099e-02 3.805200614472874221e-02 3.805105464238323770e-02 3.804582137948295945e-02 3.803630635602790050e-02 3.801584905559952932e-02 3.797207994770628731e-02 3.788454173191976859e-02 3.770137753040996020e-02 3.732791285979903534e-02 3.657479875333141672e-02 3.510092162014334660e-02 3.235583735335990224e-02 2.771440891198393916e-02 2.104675622585396033e-02 1.357508405777180238e-02 7.501168835237269003e-03 3.795542950665992381e-03 1.860662931080503185e-03 9.025000691564372861e-04
2.075989212631701442e-02 2.075963257575650506e-02 2.075755617127241978e-02 2.075288426118323051e-02 2.074328089044433915e-02 2.072407414896655989e-02 2.068358426152692303e-02 2.059948987992151967e-02 2.042844606054509266e-02 2.008038875890049910e-02 1.938868651513999536e-02 1.806991011718609222e-02 1.575731462303745639e-02 1.227362699986540330e-02 8.141841627098606038e-03 4.585479846983610795e-03 2.335955139039027056e-03 1.146434920219363595e-03 5.562169456184655860e-04 2.688944751333319206e-04
1.132561427606636542e-02 1.132476467446240365e-02 1.132278227071982502e-02 1.131796786163070251e-02 1.130890544452176939e-02 1.128993100869994139e-02 1.125056613438301170e-02 1.116999558227390298e-02 1.100545607163983496e-02 1.067609384983704557e-02 1.003832624579587343e-02 8.889664877238591043e-03 7.089783879244063516e-03 4.841596434891998375e-03 2.789525360787940486e-03 1.434977203537083495e-03 7.055942265352892597e-04 3.426727413759805461e-04 1.656724072171292207e-04 8.014584575157230435e-05
6.178564421841770821e-03 6.177405651337758430e-03 6.175551618531337737e-03 6.170993787882220021e-03 6.161878126583984587e-03 6.143260547152842345e-03 6.104634863685742124e-03 6.026147474880594844e-03 5.867704921298550966e-03 5.557926939892407318e-03 4.989047873788957782e-03 4.066821055328477021e-03 2.858146168275981034e-03 1.689178483827664728e-03 8.796614097241815637e-04 4.343072793485177208e-04 2.110508289086792245e-04 1.020491501645228366e-04 4.944096928233253238e-05 2.379351546017809195e-05
3.370310746274819778e-03 3.369214970699938982e-03 3.367234145622271385e-03 3.362851043322750370e-03 3.353874112651616946e-03 3.335372363521910567e-03 3.297610251402963849e-03 3.221158832447864988e-03 3.070405400473009364e-03 2.789086094229743015e-03 2.319672696036859279e-03 1.676621014439892308e-03 1.018397055652277370e-03 5.384894990691953265e-04 2.670743182142688030e-04 1.298073548533223303e-04 6.288075435679697951e-05 3.047108446899596964e-05 1.462448384765243716e-05 7.038345252328406802e-06
1.838291065019375010e-03 1.837279385331750054e-03 1.835141062355634097e-03 1.830841423683228194e-03 1.821920248255990511e-03 1.803733006598915931e-03 1.766714727119914367e-03 1.693344957046937199e-03 1.554514912640595587e-03 1.316908142369787931e-03 9.779034761347594595e-04 6.112615602514327989e-04 3.288879638032242794e-04 1.641451237615815576e-04 7.996877520715670398e-05 3.871983521626947051e-05 1.873916138567805674e-05 9.013240752375211001e-06 4.368711277370071582e-06 2.138417420560672090e-06
1.002458039890918385e-03 1.001454528258257596e-03 9.993596977250782457e-04 9.950696854954532711e-04 9.862764148142635738e-04 9.683386443804523286e-04 9.325885424669123555e-04 8.642368563873059021e-04 7.446057258787341449e-04 5.673228520738011517e-04 3.651905214651060593e-04 2.004515430684327348e-04 1.008153818406268151e-04 4.920979613104683228e-05 2.385858351095419643e-05 1.152793432463501275e-05 5.557040110303444820e-06 2.697031957220257322e-06 1.304659566903442428e-06 6.272892148574241970e-07
5.464761540022500296e-04 5.454701683189406474e-04 5.433897625520963618e-04 5.391399862981154480e-04 5.304556609095456132e-04 5.130527929322934539e-04 4.794583458617738343e-04 4.194687506244191102e-04 3.274723864017679343e-04 2.171492897988252949e-04 1.218817612454126879e-04 6.186479224796790168e-05 3.029600342411240281e-05 1.467927329273623966e-05 7.096741747791107693e-06 3.442344775768814069e-06 1.656206929892749389e-06 8.076203671010558840e-07 3.901705257277229082e-07 1.917107650748268473e-07
2.977095883585788761e-04 2.967015426681246472e-04 2.946443827590866800e-04 2.904441923821942675e-04 2.819728750798218813e-04 2.654894612896174441e-04 2.355393037754566080e-04 1.881238212985378061e-04 1.284699174389938132e-04 7.390477756496475657e-05 3.793621392853674103e-05 1.863400570761781765e-05 9.038904135516921594e-06 4.368292436412556977e-06 2.113256891840984030e-06 1.023074145127574931e-06 4.966502845570588558e-07 2.390386081076574456e-07 1.158330237188132353e-07 5.236348024577227873e-08
1.619925490801464119e-04 1.609944941987606333e-04 1.589576475020548925e-04 1.548371066346192746e-04 1.467671200222712144e-04 1.318675864358689171e-04 1.075843001177434336e-04 7.562821229312752334e-05 4.466203196311058470e-05 2.323236786706979395e-05 1.145939396011077670e-05 5.564759619844449301e-06 2.690768930792689731e-06 1.303676330336099933e-06 6.274432270298036138e-07 3.056214489503012104e-07 1.487842533039614081e-07 7.342092552585006966e-08 3.472083828844154400e-08 1.435237132138442637e-08
8.795204708637531347e-05 8.696417249669412329e-05 8.496397647709215731e-05 8.101581177840007104e-05 7.363175480603616923e-05 6.126832096487427718e-05 4.429221285850807737e-05 2.689495236801458337e-05 1.421037594370548528e-05 7.044118093476015912e-06 3.425985738018246823e-06 1.658034700692291602e-06 8.035065123178986911e-07 3.856877882232668513e-07 1.856681862630707831e-07 9.121448533742265302e-08 4.343202486915358567e-08 2.231884466224400401e-08 1.009542454245424760e-08 5.650544498894334143e-09
