4.938322732924143033e-01 4.938316304281277769e-01 4.938309875638413615e-01 4.938284161066955891e-01 4.938232731924039887e-01 4.938129873638208434e-01 4.937924157066545527e-01 4.937487009351761436e-01 4.936672330661655006e-01 4.934814420759501274e-01 4.930970025875457963e-01 4.923115610211452053e-01 4.907040732612144573e-01 4.874042937165028455e-01 4.807354243071576549e-01 4.675333716570861942e-01 4.425132896370826407e-01 3.986552807905250906e-01 3.312791400189719071e-01 2.458816259915445057e-01
4.938316304281277769e-01 4.938297018352685308e-01 4.938264875138362320e-01 4.938200588709718009e-01 4.938059158566699414e-01 4.937769869637798625e-01 4.937250918520458276e-01 4.936016597755012447e-01 4.933536800553007251e-01 4.928409783851208092e-01 4.917839604610792503e-01 4.896460846734495553e-01 4.852426245495486401e-01 4.764431541800689951e-01 4.593572078405556147e-01 4.280326575069230421e-01 3.760349092417890615e-01 3.017562235611815358e-01 2.150938501149433080e-01 1.351383290974517981e-01
4.938284161066955891e-01 4.938232731924039887e-01 4.938123444995344280e-01 4.937990225228927610e-01 4.937540212449859078e-01 4.936686944456377124e-01 4.934751856058592900e-01 4.931185668995383686e-01 4.923800433916195596e-01 4.908433707132123236e-01 4.877076565417366449e-01 4.814004264186036441e-01 4.690649814960879960e-01 4.460987417716250070e-01 4.066790212986475250e-01 3.466012090491639164e-01 2.683757786403416778e-01 1.844539427253483743e-01 1.122184919360638550e-01 6.190243777486633542e-02
4.938208802864475500e-01 4.937983796474941234e-01 4.937612701032061402e-01 4.936661228995941064e-01 4.935205770116731783e-01 4.931922195759280703e-01 4.925381373232580184e-01 4.911666731435015421e-01 4.883982113528680391e-01 4.828703841256720142e-01 4.722775084824797354e-01 4.530261931396353248e-01 4.208230397349145280e-01 3.723017300140304964e-01 3.072423950134960946e-01 2.308516183819170897e-01 1.545360960529320871e-01 9.190441397291604364e-02 4.980872223670374660e-02 2.550739570390618549e-02
4.937203606789336563e-01 4.935955461308147441e-01 4.933531823166625863e-01 4.928668269255839229e-01 4.918525093160740491e-01 4.898026429961623851e-01 4.858102825824404114e-01 4.783498818869648672e-01 4.653115808237018869e-01 4.443619073675756925e-01 4.135518993888697703e-01 3.717675574429809560e-01 3.190549539606056251e-01 2.571196768342363104e-01 1.901590969769764161e-01 1.259775904254517020e-01 7.418222335420637803e-02 3.979940960554725210e-02 2.022125063387055985e-02 1.000427589188289910e-02
4.915857436173992068e-01 4.893846574200453881e-01 4.853998976109912822e-01 4.786167246718465718e-01 4.680832941736973729e-01 4.530199331936224927e-01 4.329135074180931464e-01 4.074881128121619622e-01 3.766460639405261324e-01 3.403122673949051102e-01 2.986639054601572529e-01 2.520959385311060119e-01 2.015891446853926572e-01 1.492837684466664094e-01 9.958938256144199419e-02 5.893631814201978625e-02 3.157945987741952315e-02 1.598254881929040902e-02 7.881978762184821755e-03 3.844195594948930303e-03
4.400826627126435131e-01 4.243007211300345305e-01 4.064209799451589111e-01 3.863879616880135370e-01 3.641603552168951041e-01 3.397401292957736296e-01 3.131486684510171314e-01 2.844159553252847417e-01 2.535490294224554408e-01 2.206393070063017714e-01 1.857885116267563308e-01 1.492994397514359473e-01 1.120474074793341851e-01 7.627164923405781172e-02 4.600379884644378858e-02 2.486880533447289460e-02 1.259572263675097330e-02 6.202568498956399952e-03 3.021289293219760023e-03 1.465299927587435450e-03
3.153792456115638299e-01 2.978925732786306679e-01 2.796695171961431359e-01 2.606652264234232685e-01 2.408769774658768292e-01 2.203045095307305523e-01 1.989813975532100931e-01 1.768956760695208352e-01 1.540467091943505951e-01 1.303920711627895856e-01 1.059606922010315477e-01 8.104333427397333867e-02 5.669350977731333480e-02 3.522428622956442351e-02 1.941414227971409445e-02 9.894277203444153818e-03 4.875282303704387039e-03 2.373509404128542905e-03 1.150568009961209191e-03 5.567949770457383644e-04
2.018409098852432804e-01 1.885925197794994512e-01 1.751117117541167723e-01 1.613980123839660885e-01 1.474478443557472040e-01 1.332350504203750619e-01 1.187333810195239509e-01 1.038923970758860171e-01 8.865979739257270897e-02 7.299992735951742195e-02 5.698049145805397786e-02 4.105021322707785858e-02 2.643215972928533719e-02 1.499723108922049360e-02 7.742992475172917263e-03 3.827178915638773660e-03 1.863761440449884701e-03 9.033024500863534199e-04 4.370571033105835851e-04 2.113305861755316684e-04
1.225981540664618646e-01 1.138851635338365975e-01 1.050835011450823309e-01 9.617935241873420971e-02 8.715822442770063128e-02 7.799231849207356737e-02 6.864986471258534284e-02 5.909434527069627047e-02 4.928422710183433253e-02 3.922314510260259401e-02 2.907826625614623114e-02 1.944156876047227478e-02 1.144003122562483633e-02 6.029172804627140267e-03 2.999729937484180153e-03 1.462783142634494545e-03 7.090180883057475413e-04 3.430285004147365542e-04 1.658619171397375308e-04 8.017335924617193356e-05
7.300091317607315666e-02 6.749494397885465180e-02 6.193668975307325963e-02 5.631243436042290829e-02 5.060988933869626366e-02 4.481012589496402576e-02 3.888693479710852302e-02 3.281464474453415353e-02 2.657832591071939560e-02 2.023048412376717703e-02 1.403218188989838015e-02 8.601359670630895696e-03 4.663860251605799270e-03 2.346263357631662907e-03 1.147376246413743008e-03 5.564318407643320964e-04 2.692205196322118533e-04 1.301654028772017445e-04 6.291800044029074448e-05 3.040950429735170735e-05
4.304652873769489879e-02 3.960536804350655443e-02 3.612580019741411241e-02 3.260204775498422997e-02 2.902247029657161609e-02 2.537352303430193828e-02 2.163704585204134431e-02 1.779914609367870895e-02 1.387018719529437352e-02 9.955627335867816077e-03 6.365619964551997613e-03 3.576239767962837574e-03 1.829685633393612464e-03 8.992380771057214509e-04 4.365803667724850478e-04 2.112757473416484717e-04 1.021518794281889948e-04 4.937740186043356616e-05 2.386560491408555761e-05 1.153441751533293494e-05
2.521695041311684468e-02 2.307250369027583764e-02 2.090222540640982937e-02 1.870048489841473482e-02 1.645834745053454881e-02 1.416622610398672079e-02 1.181308645516207859e-02 9.397440066087048988e-03 6.956382912771116173e-03 4.635428235615242192e-03 2.712398862491054250e-03 1.420772842421123361e-03 7.038887199911369758e-04 3.424453532222393047e-04 1.657931102323803964e-04 8.016502507275466590e-05 3.874910509409633283e-05 1.872826858156719800e-05 9.051632167946661156e-06 4.374488823590747892e-06
1.469205028960067147e-02 1.335746183030683820e-02 1.200503578714422898e-02 1.062957759615387743e-02 9.225157797640558960e-03 7.785397953639364849e-03 6.305499517396722688e-03 4.796989830253547971e-03 3.322109882935336562e-03 2.030197843437933289e-03 1.096607326312837088e-03 5.499807182487431853e-04 2.684618659612894413e-04 1.300774273696514221e-04 6.290928844909172350e-05 3.040950429735170735e-05 1.469725584250077476e-05 7.103436199472414159e-06 3.433133859258158179e-06 1.659221222458045179e-06
8.515705877148053993e-03 7.685386222442056742e-03 6.842074668402791521e-03 5.982354317712362986e-03 5.101825830313522735e-03 4.197211911637114060e-03 3.270176094420857923e-03 2.345692420315593878e-03 1.497554746989313186e-03 8.394154744076627161e-04 4.285398410321275922e-04 2.103184294876397898e-04 1.020441019159940097e-04 4.936456722697038073e-05 2.386349358628616385e-05 1.153441751533293494e-05 5.574619395542352768e-06 2.694101063789756058e-06 1.302006928925525502e-06 6.292813995107065777e-07
4.909527036748546382e-03 4.392486976578023443e-03 3.866077979322683593e-03 3.327889581607299321e-03 2.775332679953747966e-03 2.207711848968381494e-03 1.633879129178590975e-03 1.087913528656360039e-03 6.357503087533267552e-04 3.325523758656061734e-04 1.645875452625497398e-04 8.002612218246674949e-05 3.873351462060478694e-05 1.872626837487992622e-05 9.051465483500450689e-06 4.374488823590747892e-06 2.114264276787978056e-06 1.021797706815325799e-06 4.938209769372160199e-07 2.386588387562867750e-07
2.813580408362101500e-03 2.491332905105076139e-03 2.162321114071497075e-03 1.824865944967893599e-03 1.478044016388361344e-03 1.124324952695381248e-03 7.783858994779002932e-04 4.753623376639813094e-04 2.565347524121425670e-04 1.285669212923717258e-04 6.273178162841146948e-05 3.038816878602324165e-05 1.469495560247687066e-05 7.103169503913991790e-06 3.433000510367735483e-06 1.659187884679834384e-06 8.018758314043958652e-07 3.875330549179473834e-07 1.872930111137669491e-07 9.050698927501640849e-08
1.601482175847589520e-03 1.400289911304493330e-03 1.194238616095000564e-03 9.824925952796193917e-04 7.654915593382882310e-04 5.489970729974640463e-04 3.503726398341837898e-04 1.962871948030420373e-04 1.001590249594050950e-04 4.914124460471106144e-05 2.383815765269347604e-05 1.153121717752155521e-05 5.574019328869086440e-06 2.693989939344000397e-06 1.302006928925525502e-06 6.292813995107065777e-07 3.041163733331888517e-07 1.469738370144459028e-07 7.104754223865719237e-08 3.434020154128746114e-08
9.041720998500533176e-04 7.783405156305385703e-04 6.491173028726083399e-04 5.163559800214540972e-04 3.821211311832652287e-04 2.543895096078112382e-04 1.486167952841919505e-04 7.771183593716816192e-05 3.845124253672385373e-05 1.869426506788362849e-05 9.047798425683803463e-06 4.374177676920568428e-06 2.114219826787433320e-06 1.021775481259447886e-06 4.938209769372160199e-07 2.386588387562867750e-07 1.153564030804413659e-07 5.575559528147259504e-08 2.693872140067340219e-08 1.301371446945805813e-08
5.054558941694934715e-04 4.265930732740815315e-04 3.455177414042472864e-04 2.628364482716266486e-04 1.819449441801429968e-04 1.110956661901635735e-04 5.994303723062693900e-05 3.003554523143959665e-05 1.465406244649638794e-05 7.098368983862386602e-06 3.432400440360835042e-06 1.659087871345200729e-06 8.018758314043958652e-07 3.875330549179473834e-07 1.872930111137669491e-07 9.050698927501640849e-08 4.373096838636085660e-08 2.114867462400684452e-08 1.021315441625273728e-08 4.923207649087131413e-09
